W_GH	W_CVARS	W_Field	Length	Width	Density
22.59	22.44	27.57	8.33	5.07	2
15.64	15.12	NaN	6.04	5.02	1.9
23.55	23.02	26.76	8.47	5.26	1.88
11.87	11.36	NaN	6.96	3.73	2.24
10.6	12.21	NaN	5.8	4.01	2.5
17.27	14.4	17.36	6.91	3.83	2.71
19.44	16.36	18.94	8.36	4.04	2.29
13.7	9.88	10.11	4.95	3.33	3.44
21.03	NaN	NaN	NaN	NaN	NaN
19.73	NaN	NaN	NaN	NaN	NaN
22.48	19.39	25.2	7.96	4.69	2.12
23.63	22.43	25.4	8.38	4.99	2.05
NaN	NaN	NaN	NaN	NaN	NaN
24.5	23.2	28.78	8.46	5.43	1.78
24.25	19.33	26.36	9.43	5.4	1.34
15.96	17.56	22.12	7.14	5.35	1.64
20.52	16.21	24.29	6.52	4.67	2.18
13.62	12.81	NaN	5.63	4.11	2.57
16.07	13.18	15.91	7.39	4.13	2
24.19	NaN	NaN	NaN	NaN	NaN
22.93	NaN	NaN	NaN	NaN	NaN
24.78	NaN	NaN	NaN	NaN	NaN
18.46	NaN	NaN	NaN	NaN	NaN
21.91	22.98	26.41	7.47	6	1.63
21.91	17.78	22.12	7.92	4.6	2.03
18.09	15.99	19.26	6.83	5.12	1.71
24.96	24.2	28.09	9.67	5.18	1.78
16.13	12.92	14.86	6.25	4.21	2.23
16.92	16.22	19.11	6.62	5.06	1.83
16.66	17.1	23.05	6.09	5.13	2.04
15.35	13.71	15.99	6.03	5.24	1.58
16.13	17.8	23.04	8.18	5.17	1.55
25.87	23.79	26.31	8.79	5.69	1.6
16.99	15.09	19.1	6.9	4.72	1.87
12.53	15.27	19.37	6.95	4.63	1.96
20.36	18.99	24.75	6.35	5.15	2.15
10.62	9.54	11.14	5.77	4.43	1.61
15.69	16.48	21.61	6.73	5.64	1.47
13.98	11.02	15.5	5.4	3.98	2.46
24.57	21.64	31.19	9.12	5.61	1.44
11.21	11.18	12.44	5.83	3.84	2.48
10.9	10.18	14.84	5.38	3.35	3.22
7.33	NaN	NaN	NaN	NaN	NaN
17.61	16.49	18.03	7.47	5.03	1.67
23.48	18.69	24.35	7.55	5.67	1.47
9.95	10.27	12.61	4.59	4.29	2.32
15.53	14.19	18.28	6.17	4.65	2.03
18.74	19.29	23.76	7.48	5.17	1.84
15.49	13.27	15.37	6.24	4.5	2.01
26.31	25.13	31.42	9.08	5.75	1.6
21.66	21.35	27.9	8.04	5.18	1.89
19.73	17.07	17.6	6.64	5.27	1.77
18.31	13.96	21.51	6.88	4.72	1.74
11.41	11.87	NaN	6.05	4.62	1.76
19.65	23.85	26.4	9.78	5.97	1.31
17.07	16.88	21.1	6.53	5.2	1.83
18.38	17.43	19.77	6.8	5.59	1.57
18.94	19.56	19.96	9.02	5.55	1.34
16.04	16.43	22.16	7.13	5.23	1.61
21.06	25.95	24.76	8.92	6.48	1.32
22.46	23.32	26.82	9.1	5.2	1.81
19.97	23.4	28.9	8.83	5.45	1.7
18.3	16.59	21.51	6.74	5.27	1.69
20.84	16.37	19.25	7.1	4.73	1.97
22.42	19.98	26	7.82	5.81	1.45
15.83	15.21	19.41	6.57	4.27	2.42
22.46	16.97	23.38	7.33	5.04	1.74
18.42	17.35	18.99	6.71	5.36	1.72
17.22	17.58	22.82	7.45	5.15	1.7
16.25	14.86	18.08	7.38	5.27	1.38
22.17	18.69	15.35	8.13	5.18	1.64
21.3	20.15	24.36	7.69	4.91	2.08
17.42	19.73	24.47	7.63	5.71	1.51
18.79	21.62	20.27	7.63	6.03	1.49
13.11	13.82	16.16	6.61	5.18	1.49
17.34	16.8	17.86	6.64	4.8	2.1
21.56	19.54	20.59	8.35	5.6	1.43
14	NaN	NaN	NaN	NaN	NaN
17.53	15.04	17.38	7	4.52	2.01
18.64	16.72	18.52	7.74	5.32	1.46
25.46	27.55	26.93	8.9	6.73	1.31
13.99	16.4	24.27	7.85	4.5	1.97
15.51	13.51	NaN	6.47	4.6	1.88
19.2	20.35	22.11	7.76	4.5	2.47
27.84	29.58	27.99	10.64	6.08	1.44
17.91	15.18	20.06	7.88	4.8	1.6
16.33	14.4	14.34	6.07	4.35	2.39
19.37	19.93	NaN	6.8	5.01	2.23
14.88	16.14	NaN	6.79	5.02	1.8
13.33	14.45	11.51	6.03	5.04	1.8
13.6	15.34	17.84	7.18	4.53	1.99
25.71	25.89	NaN	8.73	6.54	1.32
26.34	25.08	NaN	8.41	5.5	1.88
17.38	18.24	20.8	7.04	4.85	2.1
12.55	12.98	15.97	6.58	4.39	1.95
10.92	7.29	10.32	4.76	3.14	2.97
16.88	14.8	16.67	7.4	4.32	2.05
20.53	18.13	19.92	7.95	5.01	1.74
28.39	25.69	29.41	9.58	6.31	1.29
12.37	11.45	13.87	5.45	4.14	2.34
19.18	17.67	19.36	6.07	5.9	1.6
11	10.77	14.29	5.15	4.14	2.33
16.98	16.71	19.92	7.44	5.05	1.68
14.69	14	15.41	7.53	4.68	1.62
19.37	16.25	NaN	7.86	4.64	1.83
14.46	13.2	15.01	6.05	4.3	2.25
12.86	12.69	13.53	6.21	4.02	2.42
13.72	12.02	15.9	6.39	4.51	1.77
11.53	10.05	10.76	5.1	3.87	2.51
9.32	7.46	12.45	5.54	2.75	3.4
12.86	20.48	21.73	7.61	5.87	1.49
6.83	7.24	8.55	4.63	3.15	3.01
22.64	21.51	22.3	7.93	5.81	1.53
11.22	11.82	NaN	6.76	3.69	2.45
9.87	9.88	10.64	6.45	3.34	2.62
8.63	8.25	NaN	4.9	3.39	2.8
16.06	15.23	17.73	6.52	4.74	1.99
16.56	12.48	15.35	5.95	5.16	1.5
10.24	8.49	11.42	4.84	2.97	3.8
9.8	8.18	10.6	5.36	2.71	3.97
12.33	11.03	15.51	6.24	3.3	3.1
8.38	8.17	9.99	5.34	2.98	3.29
12.61	11.23	15.14	5.97	4.01	2.23
12.23	11.08	12.63	7.27	3.1	3.03
19.4	13.68	NaN	8.2	3.86	2.14
9.27	8.21	NaN	5.04	2.91	3.67
16.42	14.62	15.74	4.79	5.5	1.93
11.42	11.59	NaN	5.69	3.96	2.48
12.71	10.17	11.92	5.32	4.06	2.21
18.18	16.04	NaN	6.96	4.61	2.07
10.41	9.94	12.83	4.79	3.57	3.11
15.43	10.84	17.25	5.31	4.06	2.37
10	10.51	11.45	5.72	3.68	2.59
18.81	17.01	20.5	6.87	5.03	1.87
17.19	11.35	14.8	6.86	3.55	2.51
20.17	17.59	21.74	8.86	4.41	1.95
15.84	12.47	18.38	6.91	3.82	2.36
22.11	20.39	26.14	7.5	5.59	1.66
13.37	11.42	14.46	6.19	4.19	2.01
16.91	18.75	22.15	6.65	5.11	2.06
11.2	11.41	18.26	7.4	4.24	1.64
12.99	12.18	14.03	6.29	4.1	2.2
10.88	8.38	11.83	5.01	3.74	2.28
18.52	15.63	18.06	6.84	4.55	2.11
17.14	18.34	16.09	8.24	5.57	1.37
16.12	16.26	17.04	6.63	5.08	1.82
17.85	20.18	24.36	7.82	5.1	1.89
10.27	11.1	12.12	5.88	3.71	2.62
9.61	9.14	10.86	4.95	3.53	2.83
19.72	18.05	16.05	7.27	5.36	1.65
12.64	10.3	NaN	6.14	3.42	2.74
19.62	19.68	NaN	7.55	5.97	1.4
10.89	11.82	11.9	6.31	3.81	2.46
8.78	7.8	9.76	3.99	3.65	2.8
10.86	8.94	NaN	5.51	3.34	2.78
11.12	9.12	NaN	4.44	3.83	2.67
22.39	18.72	25.66	6.39	5.19	2.08
17.02	17.87	24.09	7.76	4.87	1.85
17.65	15.47	18.27	8.6	3.86	2.31
10.74	11.93	14.33	7.6	3.26	2.82
19.81	15.42	NaN	6.84	4.66	1.98
15.37	11.85	NaN	6.55	4.38	1.8
16.44	14.7	NaN	7.07	4.7	1.8
9.43	9.7	12.89	5.62	3.27	3.08
9.85	9.99	13.29	5.2	4.07	2.22
17.08	16.79	NaN	7.8	4.81	1.78
11.8	12.42	15.83	5.67	4.16	2.42
13.83	14.9	NaN	6.17	4.71	2.08
12.87	9.47	19.08	5.62	4	2.01
9.66	7.99	NaN	5.31	3.32	2.61
14.43	13.27	20.67	5.94	4.25	2.36
11.06	13.52	NaN	5.93	4.56	2.09
7.01	7.2	7.24	4.52	2.87	3.69
23.1	23.24	NaN	8.57	5.68	1.61
19.16	18.01	22.31	8.1	5.58	1.36
13.97	15.95	21.18	6.57	4.97	1.88
21.11	24.39	26.54	8.28	6	1.56
17	17.64	27.41	8.07	5.01	1.66
19.88	18.21	23.14	7.18	5	1.94
13.17	14.09	19.38	6.87	4.97	1.59
9.75	9.84	NaN	4.77	3.7	2.88
8.55	8.53	NaN	4.83	3.09	3.53
11.97	12.34	NaN	6.35	4.04	2.27
8.4	8.7	11.41	4.35	3.41	3.28
10.03	10.21	14.12	5.04	4	2.42
16.52	16.46	22.65	7.05	5.21	1.64
6.06	6.51	6.62	4.79	2.4	4.51
12.48	12.01	15.97	7.66	4.4	1.55
14.19	12.24	15.55	7.94	3.62	2.25
17.03	15.73	18.48	6.86	4.72	1.97
8.85	8.17	11.35	6.83	2.74	3.04
13.84	15.72	16.98	7.19	4.4	2.16
10.81	12.01	NaN	5.84	4.29	2.13
11.71	11.25	15.99	5.9	4.25	2.02
10.54	11.95	13.79	5.44	4.31	2.26
13.95	9.06	NaN	5.45	3.13	3.24
11.87	12.79	16.87	5.95	4.79	1.79
16.16	16.58	20.79	6.87	4.66	2.12
12.72	16.95	23.15	7.25	4.67	2.05
5.41	4.69	6.76	3.1	1.89	8.09
17.29	19.69	25.04	7.97	5.85	1.38
22.72	23.7	NaN	8.36	6.85	1.15
16.92	20.85	19.5	8.44	5.49	1.57
13.31	12.71	17.28	5.97	4.11	2.41
14.24	14.51	17.31	7.02	5.24	1.44
6.06	5.97	8.11	4.03	2.37	5.04
10.37	9.86	NaN	6.1	3.24	2.94
15.99	17.74	NaN	6.16	5.21	2.03
12.2	16.19	19.9	7.69	4.51	1.98
7.69	6.37	NaN	4.91	1.99	6.26
15.35	15.44	20.42	6.3	4.63	2.18
12.54	12.32	15.5	6.36	3.8	2.56
7.18	7.04	9.3	4.71	2.67	4
31	31.04	32.82	8.69	6.04	1.87
11.78	10.78	13.72	6.68	3.34	2.76
14.14	14.85	13.81	6.23	4.96	1.85
12.11	10.47	NaN	5.44	3.5	3
16.99	16.4	20.07	6.13	4.97	2.07
14.15	10.96	14.54	5.69	4.11	2.18
6.92	6.28	NaN	4.23	2.53	4.43
11.61	10.73	16.68	5.45	3.92	2.45
13.89	16.44	17.72	7.22	4.38	2.27
7.44	5.86	8.91	4	2.24	5.58
13.88	11.28	18.2	6.49	3.58	2.59
9.22	9.9	13.67	5.37	3.32	3.19
10.13	9.65	12.03	4.65	3.08	4.18
7.51	9.54	NaN	5.08	3.32	3.25
18.8	21.44	NaN	9.89	4.87	1.75
6.62	6.67	9.24	4.06	2.6	4.64
7.95	7.19	NaN	4.2	2.92	3.83
10.7	11.33	NaN	5.61	3.92	2.51
12.96	13.79	13.76	7.25	4.16	2.1
6.11	7.63	8.48	4.44	2.89	3.93
24.02	23.07	NaN	8.51	5.81	1.53
28.43	29.88	NaN	9.51	6.2	1.56
7.62	8.03	11.19	5	3.21	2.98
14.84	17.65	NaN	7.05	5.73	1.46
12.04	13.48	NaN	5.46	4.56	2.27
11.52	10.21	13.8	6.56	3.71	2.16
15.33	16.7	NaN	7.24	4.48	2.19
9.9	12.05	NaN	6.17	3.75	2.65
11.29	13.65	NaN	5.41	4.3	2.61
8.52	8.07	11.74	4.95	3.59	2.42
6.36	6.74	NaN	4.55	2.3	5.35
15.25	20.39	21.17	7.42	5.42	1.79
12.51	18.7	NaN	7.62	5.39	1.61
13.75	13.7	16.96	5.97	4.17	2.52
12.45	12.1	17.26	4.64	4.7	2.25
10.4	11.31	15.43	5.08	4.33	2.27
11.95	11.86	14.71	4.72	4.26	2.64
22.21	18.11	NaN	6.96	5.21	1.83
13.67	11.21	NaN	5.59	3.7	2.8
12.37	11.94	13.49	6.05	3.77	2.65
15.46	15.88	NaN	6.79	4.55	2.16
13.67	11.83	19.55	6.6	3.82	2.35
15.61	15.1	21.55	7.03	4.7	1.86
7.83	9.16	10.86	9.53	3.18	1.82
7.73	12.49	17.47	5.75	4.67	1.9
12.8	12.98	17.5	6.8	3.9	2.4
10.92	9.37	15.71	5.26	3.82	2.33
12.53	12.53	17.32	7.98	3.94	1.93
14.01	14.96	18.57	9.53	4.18	1.72
5.5	4.68	6.12	2.93	2.32	5.67
14.69	17.82	NaN	9.98	4.64	1.58
17.79	22.88	NaN	11.32	5.05	1.51
13.55	12.15	NaN	8	3.65	2.18
13.95	13.06	17.04	6	4.39	2.16
23.2	NaN	NaN	NaN	NaN	NaN
12.67	17.53	15.67	8.06	4.74	1.85
22.9	20.68	NaN	8.34	6.19	1.24
13.79	16.92	NaN	7.31	5	1.77
14.49	14.46	NaN	7.53	4.58	1.75
11.42	13.54	NaN	7.46	4.29	1.88
11.72	12.13	NaN	6.71	4.31	1.86
12.38	10.67	NaN	5.19	4	2.45
11.51	10.58	19.17	5.47	4.13	2.17
13.14	12.69	13.03	5.68	4.94	1.75
8.78	10.43	13.33	5.53	4.11	2.13
16.05	18.58	NaN	9.96	4.77	1.57
9.26	9.2	11.14	5.05	4.02	2.15
17.68	15.22	NaN	7.4	4	2.46
8.25	NaN	NaN	NaN	NaN	NaN
11.87	13.15	NaN	5.63	4.55	2.15
13.85	13.21	NaN	7.75	3.9	2.14
13.48	13.57	NaN	6.22	3.92	2.71
17.28	19.43	NaN	8.25	5.32	1.59
17.98	19.99	NaN	10.08	4.56	1.82
9.05	8.07	12.98	4.46	3.2	3.37
10.55	13.5	NaN	5.85	4.4	2.28
11.94	13.87	13.8	5.73	4.21	2.61
16.41	15.74	17.35	6.96	4.39	2.24
20.74	17.37	18.12	7.36	5.09	1.74
14.21	13.77	18.54	6.65	3.99	2.48
12.01	11.11	12.73	5.34	4.08	2.39
10.5	9.65	14.34	5.8	3.91	2.08
12.61	11.85	16.38	5.56	4.21	2.3
12.52	12.07	12.77	5.84	4.95	1.61
12	12.21	NaN	6.87	3.84	2.3
11.79	11.76	NaN	6.76	3.69	2.44
17.77	16.64	NaN	7.42	5.11	1.64
12.96	13.12	NaN	6.81	4.11	2.18
12.98	12.15	13.19	5.55	3.8	2.9
13.71	13.13	15.41	6.53	4.41	1.97
16.68	15.5	NaN	6.2	5.3	1.7
21.31	20.02	NaN	7.58	4.87	2.13
27.58	23.93	NaN	8.4	6.22	1.41
25.34	NaN	NaN	NaN	NaN	NaN
16.8	16.12	NaN	8.7	4.5	1.75
14.74	10.34	14.93	6.4	3.18	3.05
14.33	11.07	12.29	5.23	3.85	2.73
16.93	16.9	NaN	7.51	4.06	2.61
14.87	14.73	NaN	6.5	3.81	2.98
15.4	11.12	11.86	4.94	4.47	2.15
8.33	7.5	10.1	5.18	2.76	3.63
6.21	5.65	6.44	3.81	2.18	5.96
13	11.01	NaN	5.11	4.25	2.28
11.67	9.96	11.75	5.57	3.95	2.19
12.66	11.79	15.34	5.94	3.87	2.53
17.35	14.55	NaN	6.95	4.53	1.95
12.96	10.92	NaN	6.35	3.4	2.84
14.31	11.28	NaN	6.42	3.67	2.49
12.88	12.32	NaN	5.95	3.64	2.98
12.31	9.32	12.8	5.53	3.22	3.1
13.5	11.59	13.41	5.88	3.79	2.62
13.44	11.68	14.02	5.6	3.87	2.66
17.26	11.6	17.86	5.94	3.58	2.91
20.21	15.3	22.8	7.05	4.76	1.83
12.93	10.37	14.46	5.42	4.18	2.09
10.05	8.26	9.09	4.98	3.4	2.74
13.59	13.24	16.2	5.92	4.36	2.25
13.51	10.56	11.24	4.83	3.84	2.83
13.57	12.27	13.57	6.16	4.22	2.14
14.16	13.51	18.74	5.67	4.82	1.96
13.01	10.25	9.99	5.69	3.59	2.67
14.31	11.42	18.13	5.23	3.67	3.1
15.95	10.74	15.78	5.11	4.6	1.9
9.24	6.87	10.57	4.3	3.08	3.22
17.26	15.31	18.01	6.08	4.73	2.15
12.84	11.21	11.62	5.51	4.07	2.35
14.62	11.38	17.17	6.5	3.29	3.09
26.45	22.66	NaN	8.43	5.99	1.43
12.87	11.94	14.96	5.11	4.63	2.08
9.23	6.13	12.17	3.74	2.42	5.35
22.74	18.03	21.62	7	5.98	1.38
12.71	10.08	11.84	5.46	3.21	3.42
13.51	10.64	15.6	5.21	3.68	2.88
26.39	23.28	27.3	8.21	5.62	1.71
12.37	11.75	17.49	5.13	4.44	2.22
18.49	13.8	17.78	6.04	4.51	2.15
18.2	15.32	21.73	6.55	4.56	2.15
16.98	13.11	13.89	6.11	4.05	2.5
13.29	13.21	12.93	6.32	4.49	1.98
16.84	13.88	NaN	6.44	5.05	1.61
18.62	15.73	23.67	6.13	5.95	1.38
13.71	12.07	NaN	5.63	4.14	2.39
15.67	15.84	18.49	5.95	4.98	2.05
20.46	14.65	20.75	6.38	4.69	1.99
12.58	NaN	NaN	NaN	NaN	NaN
17.29	NaN	NaN	NaN	NaN	NaN
19.53	NaN	NaN	NaN	NaN	NaN
19.48	NaN	NaN	NaN	NaN	NaN
21.17	NaN	NaN	NaN	NaN	NaN
19.13	NaN	NaN	NaN	NaN	NaN
11.17	NaN	NaN	NaN	NaN	NaN
20.83	NaN	NaN	NaN	NaN	NaN
15.43	NaN	NaN	NaN	NaN	NaN
23.57	21.17	NaN	7.57	5.65	1.67
20.59	20.26	27.81	7.27	5.68	1.65
